 AIMExt (Version 19.10.12, Standard)
 Portions Copyright (c) 1997-2019 by Todd A. Keith
 AIMExt is a component of the AIMAll package ( http://aim.tkgristmill.com )

 TP:  64-bit Mac OS X

 AIMExt is a heavily modified and extended version of the EXTREME program
 developed by members of R.F.W. Bader's research group

 Much of the Quantum Theory of Atoms in Molecules (QTAIM) is described in the book:
   "Atoms in Molecules - A Quantum Theory"
   R.F.W. Bader, Oxford University Press, Oxford, 1990

 For additional references see:  http://aim.tkgristmill.com/references.html

 Wfn File:  /Users/edoardocabiati/Desktop/Cose_brutte_PoliMI/V anno/II semestre/Molecular Modelling for Processes/MMfP/Project8/gaussian_simulations/round1/benzene/benzene.wfn
 ExtOut File:  /Users/edoardocabiati/Desktop/Cose_brutte_PoliMI/V anno/II semestre/Molecular Modelling for Processes/MMfP/Project8/gaussian_simulations/round1/benzene/benzene.extout
 Mgp File:  /Users/edoardocabiati/Desktop/Cose_brutte_PoliMI/V anno/II semestre/Molecular Modelling for Processes/MMfP/Project8/gaussian_simulations/round1/benzene/benzene.mgp

 MgpViz File:  /Users/edoardocabiati/Desktop/Cose_brutte_PoliMI/V anno/II semestre/Molecular Modelling for Processes/MMfP/Project8/gaussian_simulations/round1/benzene/benzene.mgpviz

 Wfn Title:   benzene                                                                       
 Job Title:  Auto                                                                           
 
Nuclear Charges and Cartesian Coordinates:
-------------------------------------------------------------------------------
Atom      Charge                X                  Y                  Z
-------------------------------------------------------------------------------
C1         6.0           0.0000000000E+00   2.2850385200E+00   1.3191246700E+00
C2         6.0           0.0000000000E+00   2.2852813800E+00  -1.3194286800E+00
H3         1.0           0.0000000000E+00   4.0630308300E+00   2.3455813400E+00
H4         1.0           0.0000000000E+00   4.0631568900E+00  -2.3460432500E+00
C5         6.0           0.0000000000E+00   0.0000000000E+00   2.6384264800E+00
H6         1.0           0.0000000000E+00   0.0000000000E+00   4.6914451600E+00
C7         6.0           0.0000000000E+00  -2.2850385200E+00   1.3191246700E+00
H8         1.0           0.0000000000E+00  -4.0630308300E+00   2.3455813400E+00
C9         6.0           0.0000000000E+00  -2.2852813800E+00  -1.3194286800E+00
H10        1.0           0.0000000000E+00  -4.0631568900E+00  -2.3460432500E+00
C11        6.0           0.0000000000E+00   0.0000000000E+00  -2.6377789200E+00
H12        1.0           0.0000000000E+00   0.0000000000E+00  -4.6907585000E+00

Total number of electron density critical points found =     25

Electron Density Critical Point Analysis of Molecular Structure:
---------------------------------------------------------------
  NACP = Nuclear Attractor Critical Point
  NNACP = Non-Nuclear Attractor Critical Point
  BCP = Bond Critical Point
  RCP = Ring Critical Point
  CCP = Cage Critical Point
  Rho = Electron Density
  GradRho = Gradient of Electron Density
  HessRho_EigVals = Eigenvalues of the Hessian of Rho, Ascending Order
  HessRho_EigVecs = Eigenvectors of the Hessian of Rho
  DelSqRho = Laplacian of Rho = Trace of Hessian of Rho
  Bond Ellipticity = (HessRho_EigVal(1) / HessRho_EigVal(2)) - 1
  V = Virial Field = Potential Energy Density = Trace of Stress Tensor
  G = Lagrangian Form of Kinetic Energy Density
  K = Hamiltonian Form of Kinetic Energy Density
  L = K - G = Lagrangian Density = (-1/4)DelSqRho
  Vnuc = Electrostatic Potential from Nuclei
  Ven = Electron-nuclear attractive contribution to Virial Field V
  Vrep = V - Ven = Repulsive contribution to Virial Field V
  DelSqV = Laplacian of V
  DelSqVen = Laplacian of Ven
  DelSqVrep = Laplacian of Vrep
  DelSqG = Laplacian of G
  DelSqK = Laplacian of K
  Stress_EigVals = Eigenvalues of Stress Tensor, Ascending Order
  Stress_EigVecs = Eigenvectors of Stress Tensor
  -DivStress = Ehrenfest Force Density = Minus Divergence of Stress Tensor
  ESP = Total Electrostatic Potential
  ESPe = Electrostatic Potential from Electrons
  ESPn = Electrostatic Potential from Nuclei
  BP = Bond Path
  BPL = Bond Path Length
  GBL = Geometric Bond Length
  GBL_I = Distance Between Nuclear Attractors
  GBL_II = Distance Between Nuclei
  GBL_III = Sum of Distances Between BCP and Nuclear Attractors
  GBL_IV = Sum of Distances Between BCP and Nuclei

CP# 1      Coords =  0.00000000000000E+00  2.28503904627865E+00  1.31912497451462E+00
           Type = (3,-3) NACP C1
           Rho =  1.1766952844E+02     Rho at Nucleus =  1.1766952841E+02
           GradRho =  0.0000000000E+00  3.6125588632E-11  1.7267964836E-11
           HessRho_EigVals = -1.4499260630E+05 -1.4499151102E+05 -1.4499143470E+05
           HessRho_EigVec1 =  1.0000000000E+00  0.0000000000E+00  0.0000000000E+00
           HessRho_EigVec2 =  0.0000000000E+00  8.6747157772E-01  4.9748674539E-01
           HessRho_EigVec3 =  0.0000000000E+00 -4.9748674539E-01  8.6747157772E-01
           DelSqRho = -4.3497555202E+05
           Bond Ellipticity = NA
           V = -1.0875414459E+05
           G =  5.1282917458E+00
           K =  1.0874901630E+05
           L =  1.0874388801E+05
           Vnuc =  9.8679720764E+06
           Ven = -1.1611596209E+09
           Vrep =  1.1610508667E+09
           DelSqV =  2.4950438785E+09
           DelSqVen =  4.2923269816E+12
           DelSqVrep = -4.2898319378E+12
           DelSqG =  1.3401734108E+08
           DelSqK = -2.6290612196E+09
           Stress_EigVals = -3.6251593304E+04 -3.6251547703E+04 -3.6251003582E+04
           Stress_EigVec1 =  0.0000000000E+00 -4.9945485632E-01  8.6633991395E-01
           Stress_EigVec2 =  0.0000000000E+00  8.6633991395E-01  4.9945485632E-01
           Stress_EigVec3 =  1.0000000000E+00  0.0000000000E+00  0.0000000000E+00
           -DivStress =  0.0000000000E+00 -4.2278620193E+02 -2.4463626940E+02
           ESP =  -1.4740966502E+01     ESP at Nucleus =  -1.4740966505E+01
           ESPe = -2.4477369112E+01     ESPe at Nucleus = -2.4477369968E+01
           ESPn =  9.7364026105E+00     ESPn at Nucleus =  9.7364034631E+00

CP# 2      Coords =  0.00000000000000E+00  2.28528190553330E+00 -1.31942898123225E+00
           Type = (3,-3) NACP C2
           Rho =  1.1766947415E+02     Rho at Nucleus =  1.1766947412E+02
           GradRho =  0.0000000000E+00  5.1641371734E-11 -3.4951375127E-11
           HessRho_EigVals = -1.4499254356E+05 -1.4499144973E+05 -1.4499137219E+05
           HessRho_EigVec1 =  1.0000000000E+00  0.0000000000E+00  0.0000000000E+00
           HessRho_EigVec2 =  0.0000000000E+00  8.6579433160E-01 -5.0040001535E-01
           HessRho_EigVec3 =  0.0000000000E+00  5.0040001535E-01  8.6579433160E-01
           DelSqRho = -4.3497536548E+05
           Bond Ellipticity = NA
           V = -1.0875409844E+05
           G =  5.1285362350E+00
           K =  1.0874896991E+05
           L =  1.0874384137E+05
           Vnuc =  9.9051799021E+06
           Ven = -1.1655373104E+09
           Vrep =  1.1654285563E+09
           DelSqV =  2.4950428189E+09
           DelSqVen =  4.3085067715E+12
           DelSqVrep = -4.3060117286E+12
           DelSqG =  1.3401728861E+08
           DelSqK = -2.6290601075E+09
           Stress_EigVals = -3.6251577865E+04 -3.6251532265E+04 -3.6250988313E+04
           Stress_EigVec1 =  0.0000000000E+00  5.0145804814E-01  8.6518196118E-01
           Stress_EigVec2 =  0.0000000000E+00  8.6518196118E-01 -5.0145804814E-01
           Stress_EigVec3 =  1.0000000000E+00  0.0000000000E+00  0.0000000000E+00
           -DivStress =  0.0000000000E+00 -4.2217806708E+02  2.4196736249E+02
           ESP =  -1.4740978049E+01     ESP at Nucleus =  -1.4740978052E+01
           ESPe = -2.4477228586E+01     ESPe at Nucleus = -2.4477229439E+01
           ESPn =  9.7362505370E+00     ESPn at Nucleus =  9.7362513867E+00

CP# 3      Coords =  0.00000000000000E+00  4.02851422635079E+00  2.32565593807304E+00
           Type = (3,-3) NACP H3
           Rho =  4.3373225483E-01     Rho at Nucleus =  4.2883679725E-01
           GradRho =  0.0000000000E+00 -3.0639553394E-16  3.0964814046E-16
           HessRho_EigVals = -6.6160520537E+00 -6.6069216051E+00 -5.9595665703E+00
           HessRho_EigVec1 =  0.0000000000E+00 -4.9995295769E-01  8.6605256197E-01
           HessRho_EigVec2 =  1.0000000000E+00  0.0000000000E+00  0.0000000000E+00
           HessRho_EigVec3 =  0.0000000000E+00  8.6605256197E-01  4.9995295769E-01
           DelSqRho = -1.9182540229E+01
           Bond Ellipticity = NA
           V = -4.8116556212E+00
           G =  8.0102819692E-03
           K =  4.8036453392E+00
           L =  4.7956350573E+00
           Vnuc =  3.4523639398E+01
           Ven = -1.4974015961E+01
           Vrep =  1.0162360340E+01
           DelSqV =  7.1769487970E+02
           DelSqVen =  6.6225110160E+02
           DelSqVrep =  5.5443778099E+01
           DelSqG =  7.1104789087E+01
           DelSqK = -7.8879966879E+02
           Stress_EigVals = -1.6594611092E+00 -1.6592713114E+00 -1.4929232006E+00
           Stress_EigVec1 =  0.0000000000E+00 -4.9994786202E-01  8.6605550357E-01
           Stress_EigVec2 =  1.0000000000E+00  0.0000000000E+00  0.0000000000E+00
           Stress_EigVec3 =  0.0000000000E+00  8.6605550357E-01  4.9994786202E-01
           -DivStress =  0.0000000000E+00  7.8551403510E+00  4.5345310810E+00
           ESP =  -1.1135967107E+00     ESP at Nucleus =  -1.1156258755E+00
           ESPe = -1.0546254105E+01     ESPe at Nucleus = -1.0447760005E+01
           ESPn =  9.4326573947E+00     ESPn at Nucleus =  9.3321341293E+00

CP# 4      Coords =  0.00000000000000E+00  4.02863899152082E+00 -2.32611254570121E+00
           Type = (3,-3) NACP H4
           Rho =  4.3371887260E-01     Rho at Nucleus =  4.2882266570E-01
           GradRho =  0.0000000000E+00 -1.2518198284E-15 -1.3617579286E-16
           HessRho_EigVals = -6.6158450637E+00 -6.6067120241E+00 -5.9593119124E+00
           HessRho_EigVec1 =  0.0000000000E+00  5.0003863457E-01  8.6600309696E-01
           HessRho_EigVec2 =  1.0000000000E+00  0.0000000000E+00  0.0000000000E+00
           HessRho_EigVec3 =  0.0000000000E+00  8.6600309696E-01 -5.0003863457E-01
           DelSqRho = -1.9181869000E+01
           Bond Ellipticity = NA
           V = -4.8114849809E+00
           G =  8.0088654411E-03
           K =  4.8034761155E+00
           L =  4.7954672501E+00
           Vnuc =  3.4520990576E+01
           Ven = -1.4972405114E+01
           Vrep =  1.0160920133E+01
           DelSqV =  7.1766605767E+02
           DelSqVen =  6.6217711899E+02
           DelSqVrep =  5.5488938681E+01
           DelSqG =  7.1101998525E+01
           DelSqK = -7.8876805620E+02
           Stress_EigVals = -1.6594079845E+00 -1.6592199563E+00 -1.4928570401E+00
           Stress_EigVec1 =  0.0000000000E+00  5.0003389859E-01  8.6600583154E-01
           Stress_EigVec2 =  1.0000000000E+00  0.0000000000E+00  0.0000000000E+00
           Stress_EigVec3 =  0.0000000000E+00  8.6600583154E-01 -5.0003389859E-01
           -DivStress =  0.0000000000E+00  7.8551665184E+00 -4.5355843335E+00
           ESP =  -1.1135409218E+00     ESP at Nucleus =  -1.1155700529E+00
           ESPe = -1.0545924275E+01     ESPe at Nucleus = -1.0447420447E+01
           ESPn =  9.4323833530E+00     ESPn at Nucleus =  9.3318503945E+00

CP# 5      Coords =  0.00000000000000E+00  2.96800539206115E-22  2.63842708595594E+00
           Type = (3,-3) NACP C5
           Rho =  1.1766940688E+02     Rho at Nucleus =  1.1766940686E+02
           GradRho =  0.0000000000E+00 -3.3047978995E-17  7.2651773486E-11
           HessRho_EigVals = -1.4499244977E+05 -1.4499135554E+05 -1.4499127914E+05
           HessRho_EigVec1 =  1.0000000000E+00  0.0000000000E+00  0.0000000000E+00
           HessRho_EigVec2 =  0.0000000000E+00  0.0000000000E+00  1.0000000000E+00
           HessRho_EigVec3 =  0.0000000000E+00  1.0000000000E+00  0.0000000000E+00
           DelSqRho = -4.3497508446E+05
           Bond Ellipticity = NA
           V = -1.0875402773E+05
           G =  5.1283085906E+00
           K =  1.0874889942E+05
           L =  1.0874377111E+05
           Vnuc =  9.9017197865E+06
           Ven = -1.1651294944E+09
           Vrep =  1.1650207404E+09
           DelSqV =  2.4950411984E+09
           DelSqVen =  4.3070018028E+12
           DelSqVrep = -4.3045067616E+12
           DelSqG =  1.3401719096E+08
           DelSqK = -2.6290583893E+09
           Stress_EigVals = -3.6251554216E+04 -3.6251508728E+04 -3.6250964787E+04
           Stress_EigVec1 =  0.0000000000E+00  1.0000000000E+00  0.0000000000E+00
           Stress_EigVec2 =  0.0000000000E+00  0.0000000000E+00  1.0000000000E+00
           Stress_EigVec3 =  1.0000000000E+00  0.0000000000E+00  0.0000000000E+00
           -DivStress =  0.0000000000E+00 -2.2441147918E-13 -4.8677364508E+02
           ESP =  -1.4740962853E+01     ESP at Nucleus =  -1.4740962857E+01
           ESPe = -2.4477277169E+01     ESPe at Nucleus = -2.4477278022E+01
           ESPn =  9.7363143153E+00     ESPn at Nucleus =  9.7363151651E+00

CP# 6      Coords =  0.00000000000000E+00 -3.12841836739845E-19  4.65158888328571E+00
           Type = (3,-3) NACP H6
           Rho =  4.3372092139E-01     Rho at Nucleus =  4.2882526737E-01
           GradRho =  0.0000000000E+00  5.4099524754E-19 -1.5478937576E-14
           HessRho_EigVals = -6.6158881115E+00 -6.6067535404E+00 -5.9593975374E+00
           HessRho_EigVec1 =  0.0000000000E+00  1.0000000000E+00  0.0000000000E+00
           HessRho_EigVec2 =  1.0000000000E+00  0.0000000000E+00  0.0000000000E+00
           HessRho_EigVec3 =  0.0000000000E+00  0.0000000000E+00  1.0000000000E+00
           DelSqRho = -1.9182039189E+01
           Bond Ellipticity = NA
           V = -4.8115291402E+00
           G =  8.0096714157E-03
           K =  4.8035194687E+00
           L =  4.7955097973E+00
           Vnuc =  3.4522724309E+01
           Ven = -1.4973227796E+01
           Vrep =  1.0161698656E+01
           DelSqV =  7.1767508374E+02
           DelSqVen =  6.6221625062E+02
           DelSqVrep =  5.5458833121E+01
           DelSqG =  7.1102927959E+01
           DelSqK = -7.8877801170E+02
           Stress_EigVals = -1.6594189766E+00 -1.6592305002E+00 -1.4928796634E+00
           Stress_EigVec1 =  0.0000000000E+00  1.0000000000E+00  0.0000000000E+00
           Stress_EigVec2 =  1.0000000000E+00  0.0000000000E+00  0.0000000000E+00
           Stress_EigVec3 =  0.0000000000E+00  0.0000000000E+00  1.0000000000E+00
           -DivStress =  0.0000000000E+00  6.9295440652E-17  9.0700877560E+00
           ESP =  -1.1135768203E+00     ESP at Nucleus =  -1.1156056498E+00
           ESPe = -1.0546150156E+01     ESPe at Nucleus = -1.0447653450E+01
           ESPn =  9.4325733355E+00     ESPn at Nucleus =  9.3320478001E+00

CP# 7      Coords =  0.00000000000000E+00 -2.28503904627865E+00  1.31912497451462E+00
           Type = (3,-3) NACP C7
           Rho =  1.1766952844E+02     Rho at Nucleus =  1.1766952841E+02
           GradRho =  0.0000000000E+00 -3.6126320685E-11  1.7268075858E-11
           HessRho_EigVals = -1.4499260630E+05 -1.4499151102E+05 -1.4499143470E+05
           HessRho_EigVec1 =  1.0000000000E+00  0.0000000000E+00  0.0000000000E+00
           HessRho_EigVec2 =  0.0000000000E+00  8.6747157772E-01 -4.9748674539E-01
           HessRho_EigVec3 =  0.0000000000E+00  4.9748674539E-01  8.6747157772E-01
           DelSqRho = -4.3497555202E+05
           Bond Ellipticity = NA
           V = -1.0875414459E+05
           G =  5.1282917458E+00
           K =  1.0874901630E+05
           L =  1.0874388801E+05
           Vnuc =  9.8679720764E+06
           Ven = -1.1611596209E+09
           Vrep =  1.1610508667E+09
           DelSqV =  2.4950438785E+09
           DelSqVen =  4.2923267195E+12
           DelSqVrep = -4.2898316756E+12
           DelSqG =  1.3401734108E+08
           DelSqK = -2.6290612196E+09
           Stress_EigVals = -3.6251593304E+04 -3.6251547703E+04 -3.6251003582E+04
           Stress_EigVec1 =  0.0000000000E+00  4.9945485632E-01  8.6633991395E-01
           Stress_EigVec2 =  0.0000000000E+00  8.6633991395E-01 -4.9945485632E-01
           Stress_EigVec3 =  1.0000000000E+00  0.0000000000E+00  0.0000000000E+00
           -DivStress =  0.0000000000E+00  4.2278620193E+02 -2.4463626940E+02
           ESP =  -1.4740966502E+01     ESP at Nucleus =  -1.4740966505E+01
           ESPe = -2.4477369112E+01     ESPe at Nucleus = -2.4477369968E+01
           ESPn =  9.7364026105E+00     ESPn at Nucleus =  9.7364034631E+00

CP# 8      Coords =  0.00000000000000E+00 -4.02851422635079E+00  2.32565593807304E+00
           Type = (3,-3) NACP H8
           Rho =  4.3373225483E-01     Rho at Nucleus =  4.2883679725E-01
           GradRho =  0.0000000000E+00  3.0986498090E-16  3.0010716134E-16
           HessRho_EigVals = -6.6160520537E+00 -6.6069216051E+00 -5.9595665703E+00
           HessRho_EigVec1 =  0.0000000000E+00  4.9995295769E-01  8.6605256197E-01
           HessRho_EigVec2 =  1.0000000000E+00  0.0000000000E+00  0.0000000000E+00
           HessRho_EigVec3 =  0.0000000000E+00  8.6605256197E-01 -4.9995295769E-01
           DelSqRho = -1.9182540229E+01
           Bond Ellipticity = NA
           V = -4.8116556212E+00
           G =  8.0102819692E-03
           K =  4.8036453392E+00
           L =  4.7956350573E+00
           Vnuc =  3.4523639398E+01
           Ven = -1.4974015961E+01
           Vrep =  1.0162360340E+01
           DelSqV =  7.1769487970E+02
           DelSqVen =  6.6225110160E+02
           DelSqVrep =  5.5443778099E+01
           DelSqG =  7.1104789087E+01
           DelSqK = -7.8879966879E+02
           Stress_EigVals = -1.6594611092E+00 -1.6592713114E+00 -1.4929232006E+00
           Stress_EigVec1 =  0.0000000000E+00  4.9994786202E-01  8.6605550357E-01
           Stress_EigVec2 =  1.0000000000E+00  0.0000000000E+00  0.0000000000E+00
           Stress_EigVec3 =  0.0000000000E+00  8.6605550357E-01 -4.9994786202E-01
           -DivStress =  0.0000000000E+00 -7.8551403510E+00  4.5345310810E+00
           ESP =  -1.1135967107E+00     ESP at Nucleus =  -1.1156258755E+00
           ESPe = -1.0546254105E+01     ESPe at Nucleus = -1.0447760005E+01
           ESPn =  9.4326573947E+00     ESPn at Nucleus =  9.3321341293E+00

CP# 9      Coords =  0.00000000000000E+00 -2.28528190553330E+00 -1.31942898123225E+00
           Type = (3,-3) NACP C9
           Rho =  1.1766947415E+02     Rho at Nucleus =  1.1766947412E+02
           GradRho =  0.0000000000E+00 -5.1640733356E-11 -3.4951652683E-11
           HessRho_EigVals = -1.4499254356E+05 -1.4499144973E+05 -1.4499137219E+05
           HessRho_EigVec1 =  1.0000000000E+00  0.0000000000E+00  0.0000000000E+00
           HessRho_EigVec2 =  0.0000000000E+00  8.6579433160E-01  5.0040001535E-01
           HessRho_EigVec3 =  0.0000000000E+00 -5.0040001535E-01  8.6579433160E-01
           DelSqRho = -4.3497536548E+05
           Bond Ellipticity = NA
           V = -1.0875409844E+05
           G =  5.1285362350E+00
           K =  1.0874896991E+05
           L =  1.0874384137E+05
           Vnuc =  9.9051799021E+06
           Ven = -1.1655373104E+09
           Vrep =  1.1654285563E+09
           DelSqV =  2.4950428189E+09
           DelSqVen =  4.3085067715E+12
           DelSqVrep = -4.3060117286E+12
           DelSqG =  1.3401728861E+08
           DelSqK = -2.6290601075E+09
           Stress_EigVals = -3.6251577865E+04 -3.6251532265E+04 -3.6250988313E+04
           Stress_EigVec1 =  0.0000000000E+00 -5.0145804814E-01  8.6518196118E-01
           Stress_EigVec2 =  0.0000000000E+00  8.6518196118E-01  5.0145804814E-01
           Stress_EigVec3 =  1.0000000000E+00  0.0000000000E+00  0.0000000000E+00
           -DivStress =  0.0000000000E+00  4.2217806708E+02  2.4196736249E+02
           ESP =  -1.4740978049E+01     ESP at Nucleus =  -1.4740978052E+01
           ESPe = -2.4477228586E+01     ESPe at Nucleus = -2.4477229439E+01
           ESPn =  9.7362505370E+00     ESPn at Nucleus =  9.7362513867E+00

CP# 10     Coords =  0.00000000000000E+00 -4.02863899152082E+00 -2.32611254570121E+00
           Type = (3,-3) NACP H10
           Rho =  4.3371887260E-01     Rho at Nucleus =  4.2882266570E-01
           GradRho =  0.0000000000E+00  1.2375083597E-15 -1.4311468677E-16
           HessRho_EigVals = -6.6158450637E+00 -6.6067120241E+00 -5.9593119124E+00
           HessRho_EigVec1 =  0.0000000000E+00 -5.0003863457E-01  8.6600309696E-01
           HessRho_EigVec2 =  1.0000000000E+00  0.0000000000E+00  0.0000000000E+00
           HessRho_EigVec3 =  0.0000000000E+00  8.6600309696E-01  5.0003863457E-01
           DelSqRho = -1.9181869000E+01
           Bond Ellipticity = NA
           V = -4.8114849809E+00
           G =  8.0088654411E-03
           K =  4.8034761155E+00
           L =  4.7954672501E+00
           Vnuc =  3.4520990576E+01
           Ven = -1.4972405114E+01
           Vrep =  1.0160920133E+01
           DelSqV =  7.1766605767E+02
           DelSqVen =  6.6217711899E+02
           DelSqVrep =  5.5488938681E+01
           DelSqG =  7.1101998525E+01
           DelSqK = -7.8876805620E+02
           Stress_EigVals = -1.6594079845E+00 -1.6592199563E+00 -1.4928570401E+00
           Stress_EigVec1 =  0.0000000000E+00 -5.0003389859E-01  8.6600583154E-01
           Stress_EigVec2 =  1.0000000000E+00  0.0000000000E+00  0.0000000000E+00
           Stress_EigVec3 =  0.0000000000E+00  8.6600583154E-01  5.0003389859E-01
           -DivStress =  0.0000000000E+00 -7.8551665184E+00 -4.5355843335E+00
           ESP =  -1.1135409218E+00     ESP at Nucleus =  -1.1155700529E+00
           ESPe = -1.0545924275E+01     ESPe at Nucleus = -1.0447420447E+01
           ESPn =  9.4323833530E+00     ESPn at Nucleus =  9.3318503945E+00

CP# 11     Coords =  0.00000000000000E+00  1.26845856417085E-23 -2.63777953162337E+00
           Type = (3,-3) NACP C11
           Rho =  1.1766968357E+02     Rho at Nucleus =  1.1766968354E+02
           GradRho =  0.0000000000E+00 -2.0006536871E-17 -7.0839778488E-11
           HessRho_EigVals = -1.4499282362E+05 -1.4499172778E+05 -1.4499165207E+05
           HessRho_EigVec1 =  1.0000000000E+00  0.0000000000E+00  0.0000000000E+00
           HessRho_EigVec2 =  0.0000000000E+00  0.0000000000E+00  1.0000000000E+00
           HessRho_EigVec3 =  0.0000000000E+00  1.0000000000E+00  0.0000000000E+00
           DelSqRho = -4.3497620347E+05
           Bond Ellipticity = NA
           V = -1.0875430819E+05
           G =  5.1286635088E+00
           K =  1.0874917953E+05
           L =  1.0874405087E+05
           Vnuc =  9.8099684067E+06
           Ven = -1.1543358782E+09
           Vrep =  1.1542271239E+09
           DelSqV =  2.4950476420E+09
           DelSqVen =  4.2671024374E+12
           DelSqVrep = -4.2646073897E+12
           DelSqG =  1.3401756831E+08
           DelSqK = -2.6290652103E+09
           Stress_EigVals = -3.6251647979E+04 -3.6251602188E+04 -3.6251058027E+04
           Stress_EigVec1 =  0.0000000000E+00  1.0000000000E+00  0.0000000000E+00
           Stress_EigVec2 =  0.0000000000E+00  0.0000000000E+00  1.0000000000E+00
           Stress_EigVec3 =  1.0000000000E+00  0.0000000000E+00  0.0000000000E+00
           -DivStress =  0.0000000000E+00 -8.0829725833E-15  4.9138059580E+02
           ESP =  -1.4741013221E+01     ESP at Nucleus =  -1.4741013224E+01
           ESPe = -2.4478376617E+01     ESPe at Nucleus = -2.4478377478E+01
           ESPn =  9.7373633957E+00     ESPn at Nucleus =  9.7373642533E+00

CP# 12     Coords =  0.00000000000000E+00  1.35636974463341E-19 -4.65090578437157E+00
           Type = (3,-3) NACP H12
           Rho =  4.3376116252E-01     Rho at Nucleus =  4.2886593772E-01
           GradRho =  0.0000000000E+00  2.0256877220E-19  1.4866580189E-14
           HessRho_EigVals = -6.6164642545E+00 -6.6073293345E+00 -5.9599764664E+00
           HessRho_EigVec1 =  0.0000000000E+00  1.0000000000E+00  0.0000000000E+00
           HessRho_EigVec2 =  1.0000000000E+00  0.0000000000E+00  0.0000000000E+00
           HessRho_EigVec3 =  0.0000000000E+00  0.0000000000E+00  1.0000000000E+00
           DelSqRho = -1.9183770055E+01
           Bond Ellipticity = NA
           V = -4.8119675230E+00
           G =  8.0125045942E-03
           K =  4.8039550184E+00
           L =  4.7959425138E+00
           Vnuc =  3.4525890398E+01
           Ven = -1.4975990356E+01
           Vrep =  1.0164022833E+01
           DelSqV =  7.1774213087E+02
           DelSqVen =  6.6233674236E+02
           DelSqVrep =  5.5405388516E+01
           DelSqG =  7.1109209481E+01
           DelSqK = -7.8885134036E+02
           Stress_EigVals = -1.6595654321E+00 -1.6593742454E+00 -1.4930278455E+00
           Stress_EigVec1 =  0.0000000000E+00  1.0000000000E+00  0.0000000000E+00
           Stress_EigVec2 =  1.0000000000E+00  0.0000000000E+00  0.0000000000E+00
           Stress_EigVec3 =  0.0000000000E+00  0.0000000000E+00  1.0000000000E+00
           -DivStress =  0.0000000000E+00 -3.2621880956E-17 -9.0700666692E+00
           ESP =  -1.1136542099E+00     ESP at Nucleus =  -1.1156844024E+00
           ESPe = -1.0547151675E+01     ESPe at Nucleus = -1.0448654925E+01
           ESPn =  9.4334974652E+00     ESPn at Nucleus =  9.3329705226E+00

CP# 13     Coords =  0.00000000000000E+00  1.27602972405019E-16  8.92617869887877E-05
           Type = (3,+1) RCP C1 C2 C11 C9 C7 C5
           Rho =  2.0066662542E-02
           GradRho =  0.0000000000E+00 -5.5134415476E-18  4.2016587599E-16
           HessRho_EigVals = -1.5019854660E-02  8.8928999822E-02  8.9038221308E-02
           HessRho_EigVec1 =  1.0000000000E+00  0.0000000000E+00  0.0000000000E+00
           HessRho_EigVec2 =  0.0000000000E+00  1.0000000000E+00  0.0000000000E+00
           HessRho_EigVec3 =  0.0000000000E+00  0.0000000000E+00  1.0000000000E+00
           DelSqRho =  1.6294736647E-01
           Bond Ellipticity = NA
           V = -2.2434262913E-02
           G =  3.1585552265E-02
           K = -9.1512893525E-03
           L = -4.0736841618E-02
           Vnuc =  1.4923219308E+01
           Ven = -2.9945920589E-01
           Vrep =  2.7702494298E-01
           DelSqV = -1.9674909603E-01
           DelSqVen = -2.4316992855E+00
           DelSqVrep =  2.2349501895E+00
           DelSqG =  1.6810799479E-01
           DelSqK =  2.8641101239E-02
           Stress_EigVals = -9.3271707090E-03 -6.5536446043E-03 -6.5534475992E-03
           Stress_EigVec1 =  1.0000000000E+00  0.0000000000E+00  0.0000000000E+00
           Stress_EigVec2 =  0.0000000000E+00  0.0000000000E+00  1.0000000000E+00
           Stress_EigVec3 =  0.0000000000E+00  1.0000000000E+00  0.0000000000E+00
           -DivStress =  0.0000000000E+00 -4.7831818709E-19 -6.2863861138E-07
           ESP =   1.3731331099E-01
           ESPe = -1.4785905997E+01
           ESPn =  1.4923219308E+01
             94 sample points along path from RCP to BCP between atoms C1 and C2            
             0.0000000000E+00   2.2891797383E+00  -1.9375517503E-04   3.1196247186E-01
             3.0616169979E-19   2.2866797384E+00  -1.9409489106E-04   3.1196044068E-01
             2.2025144779E-18   2.2616797386E+00  -1.9749111471E-04   3.1171680058E-01
             3.6960399730E-18   2.2366797388E+00  -2.0088404100E-04   3.1106822926E-01
             5.0428179659E-18   2.2116797391E+00  -2.0427131117E-04   3.1001793232E-01
             6.3002121232E-18   2.1866797393E+00  -2.0765051760E-04   3.0857115687E-01
             7.4898811541E-18   2.1616797395E+00  -2.1101863019E-04   3.0673513688E-01
             8.6315427587E-18   2.1366797397E+00  -2.1437364841E-04   3.0451901798E-01
             9.7341795581E-18   2.1116797400E+00  -2.1771297382E-04   3.0193376323E-01
             1.0803876706E-17   2.0866797402E+00  -2.2103398694E-04   2.9899204120E-01
             1.1845323000E-17   2.0616797404E+00  -2.2433399899E-04   2.9570809838E-01
             1.2862061082E-17   2.0366797406E+00  -2.2761026009E-04   2.9209761802E-01
             1.3856862807E-17   2.0116797408E+00  -2.3085995132E-04   2.8817756756E-01
             1.4831956164E-17   1.9866797410E+00  -2.3408017873E-04   2.8396603715E-01
             1.5789167118E-17   1.9616797412E+00  -2.3726796606E-04   2.7948207166E-01
             1.6730017896E-17   1.9366797414E+00  -2.4042024671E-04   2.7474549876E-01
             1.7655796344E-17   1.9116797416E+00  -2.4353385461E-04   2.6977675544E-01
             1.8567606111E-17   1.8866797418E+00  -2.4660551417E-04   2.6459671535E-01
             1.9466403865E-17   1.8616797420E+00  -2.4963182937E-04   2.5922651933E-01
             2.0353027465E-17   1.8366797422E+00  -2.5260927199E-04   2.5368741112E-01
             2.1228217664E-17   1.8116797424E+00  -2.5553416918E-04   2.4800058012E-01
             2.2092635122E-17   1.7866797425E+00  -2.5840269046E-04   2.4218701307E-01
             2.2946873915E-17   1.7616797427E+00  -2.6121083441E-04   2.3626735584E-01
             2.3791472412E-17   1.7366797428E+00  -2.6395441521E-04   2.3026178671E-01
             2.4626922135E-17   1.7116797430E+00  -2.6662904930E-04   2.2418990195E-01
             2.5453675054E-17   1.6866797431E+00  -2.6923014240E-04   2.1807061442E-01
             2.6272149642E-17   1.6616797432E+00  -2.7175287726E-04   2.1192206553E-01
             2.7082735962E-17   1.6366797433E+00  -2.7419220229E-04   2.0576155079E-01
             2.7885799956E-17   1.6116797435E+00  -2.7654282156E-04   1.9960545884E-01
             2.8681687098E-17   1.5866797436E+00  -2.7879918630E-04   1.9346922365E-01
             2.9470725524E-17   1.5616797437E+00  -2.8095548838E-04   1.8736728945E-01
             3.0253228726E-17   1.5366797437E+00  -2.8300565589E-04   1.8131308778E-01
             3.1029497891E-17   1.5116797438E+00  -2.8494335125E-04   1.7531902585E-01
             3.1799823930E-17   1.4866797439E+00  -2.8676197191E-04   1.6939648531E-01
             3.2564489258E-17   1.4616797439E+00  -2.8845465410E-04   1.6355583058E-01
             3.3323769365E-17   1.4366797440E+00  -2.9001427947E-04   1.5780642561E-01
             3.4077934198E-17   1.4116797440E+00  -2.9143348505E-04   1.5215665807E-01
             3.4827249400E-17   1.3866797441E+00  -2.9270467636E-04   1.4661396994E-01
             3.5571977422E-17   1.3616797441E+00  -2.9382004377E-04   1.4118489346E-01
             3.6312378539E-17   1.3366797441E+00  -2.9477158200E-04   1.3587509137E-01
             3.7048711783E-17   1.3116797441E+00  -2.9555111260E-04   1.3068940064E-01
             3.7781235819E-17   1.2866797441E+00  -2.9615030925E-04   1.2563187857E-01
             3.8510209791E-17   1.2616797441E+00  -2.9656072555E-04   1.2070585064E-01
             3.9235894147E-17   1.2366797441E+00  -2.9677382492E-04   1.1591395927E-01
             3.9958551468E-17   1.2116797441E+00  -2.9678101224E-04   1.1125821280E-01
             4.0678447327E-17   1.1866797441E+00  -2.9657366668E-04   1.0674003414E-01
             4.1395851201E-17   1.1616797441E+00  -2.9614317533E-04   1.0236030862E-01
             4.2111037449E-17   1.1366797441E+00  -2.9548096682E-04   9.8119430505E-02
             4.2824286394E-17   1.1116797442E+00  -2.9457854462E-04   9.4017348027E-02
             4.3535885542E-17   1.0866797442E+00  -2.9342751917E-04   9.0053606428E-02
             4.4246130947E-17   1.0616797442E+00  -2.9201963842E-04   8.6227389020E-02
             4.4955328782E-17   1.0366797443E+00  -2.9034681601E-04   8.2537556006E-02
             4.5663797145E-17   1.0116797444E+00  -2.8840115677E-04   7.8982681020E-02
             4.6371868137E-17   9.8667974445E-01  -2.8617497875E-04   7.5561085340E-02
             4.7079890282E-17   9.6167974458E-01  -2.8366083169E-04   7.2270869786E-02
             4.7788231324E-17   9.3667974474E-01  -2.8085151118E-04   6.9109944344E-02
             4.8497281495E-17   9.1167974493E-01  -2.7774006851E-04   6.6076055581E-02
             4.9207457314E-17   8.8667974517E-01  -2.7431981598E-04   6.3166811939E-02
             4.9919206026E-17   8.6167974544E-01  -2.7058432739E-04   6.0379707032E-02
             5.0633010791E-17   8.3667974577E-01  -2.6652743404E-04   5.7712141042E-02
             5.1349396765E-17   8.1167974616E-01  -2.6214321603E-04   5.5161440357E-02
             5.2068938234E-17   7.8667974660E-01  -2.5742598937E-04   5.2724875578E-02
             5.2792267017E-17   7.6167974712E-01  -2.5237028900E-04   5.0399678014E-02
             5.3520082391E-17   7.3667974770E-01  -2.4697084825E-04   4.8183054799E-02
             5.4253162848E-17   7.1167974836E-01  -2.4122257524E-04   4.6072202756E-02
             5.4992380087E-17   6.8667974910E-01  -2.3512052669E-04   4.4064321113E-02
             5.5738715750E-17   6.6167974994E-01  -2.2865987991E-04   4.2156623181E-02
             5.6493281525E-17   6.3667975087E-01  -2.2183590362E-04   4.0346347096E-02
             5.7257343462E-17   6.1167975191E-01  -2.1464392821E-04   3.8630765711E-02
             5.8032351553E-17   5.8667975305E-01  -2.0707931650E-04   3.7007195717E-02
             5.8819975998E-17   5.6167975431E-01  -1.9913743546E-04   3.5473006068E-02
             5.9622152016E-17   5.3667975570E-01  -1.9081362997E-04   3.4025625773E-02
             6.0441135707E-17   5.1167975722E-01  -1.8210319927E-04   3.2662551104E-02
             6.1279574378E-17   4.8667975887E-01  -1.7300137695E-04   3.1381352278E-02
             6.2140596050E-17   4.6167976068E-01  -1.6350331523E-04   3.0179679649E-02
             6.3027924724E-17   4.3667976264E-01  -1.5360407435E-04   2.9055269443E-02
             6.3946030845E-17   4.1167976476E-01  -1.4329861771E-04   2.8005949075E-02
             6.4900330603E-17   3.8667976706E-01  -1.3258181342E-04   2.7029642066E-02
             6.5897454352E-17   3.6167976954E-01  -1.2144844295E-04   2.6124372591E-02
             6.6945614900E-17   3.3667977221E-01  -1.0989321744E-04   2.5288269666E-02
             6.8055123629E-17   3.1167977508E-01  -9.7910802140E-05   2.4519571010E-02
             6.9239131404E-17   2.8667977816E-01  -8.5495849574E-05   2.3816626576E-02
             7.0514722194E-17   2.6167978147E-01  -7.2643041920E-05   2.3177901781E-02
             7.1904580583E-17   2.3667978500E-01  -5.9347143240E-05   2.2601980434E-02
             7.3439634001E-17   2.1167978878E-01  -4.5603062445E-05   2.2087567387E-02
             7.5163437922E-17   1.8667979281E-01  -3.1405928437E-05   2.1633490908E-02
             7.7139880747E-17   1.6167979711E-01  -1.6751180132E-05   2.1238704787E-02
             7.9467733518E-17   1.3667980168E-01  -1.6346768215E-06   2.0902290189E-02
             8.2310850524E-17   1.1167980654E-01   1.3947158942E-05   2.0623457254E-02
             8.5969603777E-17   8.6679811689E-02   2.9997135569E-05   2.0401546456E-02
             9.1086359685E-17   6.1679817147E-02   4.6516933587E-05   2.0236029727E-02
             9.9476117006E-17   3.6679822920E-02   6.3506225711E-05   2.0126511342E-02
             1.2235828712E-16   1.1679829012E-02   8.0957582319E-05   2.0072728586E-02
             0.0000000000E+00   1.2760297241E-16   8.9261786989E-05   2.0066662542E-02
             94 sample points along path from RCP to BCP between atoms C2 and C11           
             0.0000000000E+00   1.1446435163E+00  -1.9820124372E+00   3.1204124593E-01
             0.0000000000E+00   1.1433944359E+00  -1.9798468431E+00   3.1203921407E-01
             0.0000000000E+00   1.1309036330E+00  -1.9581909006E+00   3.1179549372E-01
             0.0000000000E+00   1.1184128310E+00  -1.9365349577E+00   3.1114670846E-01
             0.0000000000E+00   1.1059220265E+00  -1.9148790162E+00   3.1009606467E-01
             0.0000000000E+00   1.0934312160E+00  -1.8932230781E+00   3.0864881105E-01
             0.0000000000E+00   1.0809403955E+00  -1.8715671458E+00   3.0681218391E-01
             0.0000000000E+00   1.0684495620E+00  -1.8499112210E+00   3.0459533200E-01
             0.0000000000E+00   1.0559587119E+00  -1.8282553058E+00   3.0200922220E-01
             0.0000000000E+00   1.0434678413E+00  -1.8065994024E+00   2.9906652754E-01
             0.0000000000E+00   1.0309769465E+00  -1.7849435130E+00   2.9578149964E-01
             0.0000000000E+00   1.0184860237E+00  -1.7632876397E+00   2.9216982738E-01
             0.0000000000E+00   1.0059950689E+00  -1.7416317849E+00   2.8824848433E-01
             0.0000000000E+00   9.9350407799E-01  -1.7199759509E+00   2.8403556720E-01
             0.0000000000E+00   9.8101304684E-01  -1.6983201401E+00   2.7955012777E-01
             0.0000000000E+00   9.6852197113E-01  -1.6766643550E+00   2.7481200089E-01
             0.0000000000E+00   9.5603084643E-01  -1.6550085982E+00   2.6984163094E-01
             0.0000000000E+00   9.4353966816E-01  -1.6333528723E+00   2.6465989911E-01
             0.0000000000E+00   9.3104843156E-01  -1.6116971800E+00   2.5928795382E-01
             0.0000000000E+00   9.1855713172E-01  -1.5900415242E+00   2.5374704639E-01
             0.0000000000E+00   9.0606576351E-01  -1.5683859078E+00   2.4805837376E-01
             0.0000000000E+00   8.9357432161E-01  -1.5467303339E+00   2.4224293007E-01
             0.0000000000E+00   8.8108280045E-01  -1.5250748058E+00   2.3632136841E-01
             0.0000000000E+00   8.6859119423E-01  -1.5034193267E+00   2.3031387407E-01
             0.0000000000E+00   8.5609949686E-01  -1.4817639002E+00   2.2424005003E-01
             0.0000000000E+00   8.4360770196E-01  -1.4601085300E+00   2.1811881558E-01
             0.0000000000E+00   8.3111580286E-01  -1.4384532199E+00   2.1196831822E-01
             0.0000000000E+00   8.1862379254E-01  -1.4167979739E+00   2.0580585918E-01
             0.0000000000E+00   8.0613166364E-01  -1.3951427963E+00   1.9964783243E-01
             0.0000000000E+00   7.9363940846E-01  -1.3734876916E+00   1.9350967691E-01
             0.0000000000E+00   7.8114701889E-01  -1.3518326644E+00   1.8740584138E-01
             0.0000000000E+00   7.6865448645E-01  -1.3301777196E+00   1.8134976154E-01
             0.0000000000E+00   7.5616180226E-01  -1.3085228624E+00   1.7535384834E-01
             0.0000000000E+00   7.4366895701E-01  -1.2868680981E+00   1.6942948680E-01
             0.0000000000E+00   7.3117594103E-01  -1.2652134323E+00   1.6358704433E-01
             0.0000000000E+00   7.1868274419E-01  -1.2435588708E+00   1.5783588750E-01
             0.0000000000E+00   7.0618935598E-01  -1.2219044197E+00   1.5218440623E-01
             0.0000000000E+00   6.9369576548E-01  -1.2002500854E+00   1.4664004446E-01
             0.0000000000E+00   6.8120196137E-01  -1.1785958742E+00   1.4120933607E-01
             0.0000000000E+00   6.6870793198E-01  -1.1569417931E+00   1.3589794518E-01
             0.0000000000E+00   6.5621366525E-01  -1.1352878489E+00   1.3071070981E-01
             0.0000000000E+00   6.4371914881E-01  -1.1136340488E+00   1.2565168816E-01
             0.0000000000E+00   6.3122436994E-01  -1.0919804002E+00   1.2072420635E-01
             0.0000000000E+00   6.1872931565E-01  -1.0703269104E+00   1.1593090725E-01
             0.0000000000E+00   6.0623397270E-01  -1.0486735872E+00   1.1127379950E-01
             0.0000000000E+00   5.9373832758E-01  -1.0270204384E+00   1.0675430614E-01
             0.0000000000E+00   5.8124236660E-01  -1.0053674719E+00   1.0237331250E-01
             0.0000000000E+00   5.6874607588E-01  -9.8371469568E-01   9.8131212775E-02
             0.0000000000E+00   5.5624944141E-01  -9.6206211784E-01   9.4027954982E-02
             0.0000000000E+00   5.4375244902E-01  -9.4040974658E-01   9.0063084099E-02
             0.0000000000E+00   5.3125508446E-01  -9.1875759013E-01   8.6235783105E-02
             0.0000000000E+00   5.1875733340E-01  -8.9710565677E-01   8.2544911816E-02
             0.0000000000E+00   5.0625918141E-01  -8.7545395483E-01   7.8989043442E-02
