AIMSum (Version 19.10.12, Standard)
Copyright (c) 1997-2019 by Todd A. Keith
AIMSum is a component of the AIMAll package ( http://aim.tkgristmill.com )

TP:  64-bit Mac OS X

Much of the Quantum Theory of Atoms in Molecules (QTAIM) is described in the book:
  "Atoms in Molecules - A Quantum Theory"
  R.F.W. Bader, Oxford University Press, Oxford, 1990

For additional references see:  http://aim.tkgristmill.com/references.html

Wfn File:  /Users/edoardocabiati/Desktop/Cose_brutte_PoliMI/V anno/II semestre/Molecular Modelling for Processes/MMfP/Project8/gaussian_simulations/round1/ethene/ethene.wfn
Sum File:  /Users/edoardocabiati/Desktop/Cose_brutte_PoliMI/V anno/II semestre/Molecular Modelling for Processes/MMfP/Project8/gaussian_simulations/round1/ethene/ethene.sum

SumViz File:  /Users/edoardocabiati/Desktop/Cose_brutte_PoliMI/V anno/II semestre/Molecular Modelling for Processes/MMfP/Project8/gaussian_simulations/round1/ethene/ethene.sumviz

Wfn Title:   ethene                                                                        
 
Total memory allocated for AIMSum =        0.350 Megabytes

Atomic units (a.u.) used throughout, except where stated otherwise

Model:  Restricted SCF
 
Restricted, closed-shell, single-determinant wavefunction.
  Number of electrons (from MO Occs)                   =          16.0000000000
  Number of Alpha electrons (from MO Occs)             =           8.0000000000
  Number of Beta electrons (from MO Occs)              =           8.0000000000
  Number of electron pairs (N*(N-1)/2)                 =         120.0000000000
  Number of electron pairs (from Muller 2EDM)          =         120.0000000000
 
Nuclear Charges and Cartesian Coordinates:
-------------------------------------------------------------------------------
Atom      Charge                X                  Y                  Z
-------------------------------------------------------------------------------
C1         6.0           0.0000000000E+00   0.0000000000E+00   1.2567443200E+00
C2         6.0           0.0000000000E+00   0.0000000000E+00  -1.2567443200E+00
H3         1.0           0.0000000000E+00   1.7447123100E+00   2.3391512000E+00
H4         1.0           0.0000000000E+00   1.7447123100E+00  -2.3391512000E+00
H5         1.0           0.0000000000E+00  -1.7447123100E+00  -2.3391512000E+00
H6         1.0           0.0000000000E+00  -1.7447123100E+00   2.3391512000E+00
 
Some Atomic Properties:
----------------------
  q(A) = Net Charge of Atom A
  L(A) = Lagrangian of Atom A = -(1/4) Times Atomic Integral of the Laplacian of the Electron Density
  K(A) = Electronic Kinetic Energy of Atom A (Hamiltonian Form)
  K_Scaled(A) = K(A) * E(Mol)/K(Mol) = Approximation to Virial-Based Total Energy of Atom A.
  |Mu_Intra(A)| = Magnitude of Intraatomic Dipole Moment of Atom A
--------------------------------------------------------------------------------------------------
Atom A          q(A)              L(A)              K(A)          K_Scaled(A)      |Mu_Intra(A)|
--------------------------------------------------------------------------------------------------
C1       -1.6648542000E-03  7.0235269604E-06  3.7648185664E+01 -3.8041195827E+01  3.2918646843E-02
C2       -1.7670741000E-03 -1.0699568572E-04  3.7648156838E+01 -3.8041166700E+01  3.2810654056E-02
H3        8.5434939000E-04  2.2205141542E-05  6.2137277486E-01 -6.2785929769E-01  1.2512931156E-01
H4        8.4953188000E-04  1.7219539913E-05  6.2137222952E-01 -6.2785874665E-01  1.2512670404E-01
H5        8.5541406000E-04  2.4132909224E-05  6.2137299289E-01 -6.2785951799E-01  1.2512738810E-01
H6        8.5269752000E-04  2.1285596088E-05  6.2137292366E-01 -6.2785944804E-01  1.2512529015E-01
--------------------------------------------------------------------------------------------------
Total    -1.9935450000E-05 -1.5128971993E-05  7.7781833423E+01 -7.8593799537E+01
 
1st Largest |L(A)| = 1.0699568572E-04, atom C2      
2nd Largest |L(A)| = 2.4132909224E-05, atom H5      
 
Molecular charge q(Mol) from the wfn file:   0.0000000000E+00
Molecular energy E(Mol) from the wfn file:  -7.8593807540E+01
Molecular virial ratio (-V(Mol)/T(Mol)) from the wfn file:   2.0104390200E+00
Note.  K_Scaled(A) = (1+V(Mol)/T(Mol))*K(A) = (E(Mol)/T(Mol))*K(A)
       Only use K_Scaled(A) data with caution.
 
N_AIMInt(SumA)     =         16.000020
N_Analytic(Mol)    =         15.999997
 
G_AIMInt(SumA)     =         77.781849
G_Analytic(Mol)    =         77.781835
 
K_AIMInt(SumA)     =         77.781833
K_Analytic(Mol)    =         77.781835
 
L_AIMInt(SumA)     =         -0.000015
L_Analytic(Mol)    =          0.000000
 
VenT_AIMInt(SumA)  =       -248.129727
VenT_Analytic(Mol) =       -248.129627
 
Some Information About the Atomic Calculations:
----------------------------------------------
  Time(sec) = "Elapsed User Time", in Seconds, for Atom A by AIMInt and, if used, by TWOe
  NProc = Number of Processors Used for AIMInt Job
  BIM = Basin Integration Method
  OAQ = Angular Quadrature Outside of Beta Sphere
  ORQ = Multiple of Default for Radial Quadrature Outside of Beta Sphere
  IAQ = Multiple of Default for Angular Quadrature Inside of Beta Sphere
  IRQ = Multiple of Default for Radial Quadrature Inside of Beta Sphere
  MIR = Maximum Integration Radius
------------------------------------------------------------------------------------------------------
Atom A     Time(sec)   NProc      BIM          OAQ                     ORQ      IAQ      IRQ      MIR
------------------------------------------------------------------------------------------------------
C1              6        1     Proaim(5)    4500(GS4)                  1.00     1.00     1.00    13.00
C2              6        1     Proaim(5)    4500(GS4)                  1.00     1.00     1.00    13.00
H3              1        1     Proaim(5)    1800(GS4)                  1.00     1.00     1.00    13.00
H4              1        1     Proaim(5)    1800(GS4)                  1.00     1.00     1.00    13.00
H5              1        1     Proaim(5)    1800(GS4)                  1.00     1.00     1.00    13.00
H6              1        1     Proaim(5)    1800(GS4)                  1.00     1.00     1.00    13.00
------------------------------------------------------------------------------------------------------
Total          16
Note:  Total wall clock time is less than total of atomic times if more than one atom
       was calculated at a time
 
Electron Density Critical Point Analysis of Molecular Structure:               
---------------------------------------------------------------                
  NACP = Nuclear Attractor Critical Point                                      
  NNACP = Non-Nuclear Attractor Critical Point                                 
  BCP = Bond Critical Point                                                    
  RCP = Ring Critical Point                                                    
  CCP = Cage Critical Point                                                    
  Rho = Electron Density                                                       
  GradRho = Gradient of Electron Density                                       
  HessRho_EigVals = Eigenvalues of the Hessian of Rho, Ascending Order         
  HessRho_EigVecs = Eigenvectors of the Hessian of Rho                         
  DelSqRho = Laplacian of Rho = Trace of Hessian of Rho                        
  Bond Ellipticity = (HessRho_EigVal(1) / HessRho_EigVal(2)) - 1               
  V = Virial Field = Potential Energy Density = Trace of Stress Tensor         
  G = Lagrangian Form of Kinetic Energy Density                                
  K = Hamiltonian Form of Kinetic Energy Density                               
  L = K - G = Lagrangian Density = (-1/4)DelSqRho                              
  Vnuc = Electrostatic Potential from Nuclei                                   
  Ven = Electron-nuclear attractive contribution to Virial Field V             
  Vrep = V - Ven = Repulsive contribution to Virial Field V                    
  DelSqV = Laplacian of V                                                      
  DelSqVen = Laplacian of Ven                                                  
  DelSqVrep = Laplacian of Vrep                                                
  DelSqG = Laplacian of G                                                      
  DelSqK = Laplacian of K                                                      
  Stress_EigVals = Eigenvalues of Stress Tensor, Ascending Order               
  Stress_EigVecs = Eigenvectors of Stress Tensor                               
  -DivStress = Ehrenfest Force Density = Minus Divergence of Stress Tensor     
  ESP = Total Electrostatic Potential                                          
  ESPe = Electrostatic Potential from Electrons                                
  ESPn = Electrostatic Potential from Nuclei                                   
  BP = Bond Path                                                               
  BPL = Bond Path Length                                                       
  GBL = Geometric Bond Length                                                  
  GBL_I = Distance Between Nuclear Attractors                                  
  GBL_II = Distance Between Nuclei                                             
  GBL_III = Sum of Distances Between BCP and Nuclear Attractors                
  GBL_IV = Sum of Distances Between BCP and Nuclei                             

CP# 1      Coords =  0.00000000000000E+00 -1.62639130548037E-22  1.25674587796271E+00
           Type = (3,-3) NACP C1
           Rho =  1.1770574593E+02     Rho at Nucleus =  1.1770574575E+02
           GradRho =  0.0000000000E+00  3.3548408030E-17  8.4034423864E-10
           HessRho_EigVals = -1.4504231772E+05 -1.4504127367E+05 -1.4504104222E+05
           HessRho_EigVec1 =  1.0000000000E+00  0.0000000000E+00  0.0000000000E+00
           HessRho_EigVec2 =  0.0000000000E+00  1.0000000000E+00  0.0000000000E+00
           HessRho_EigVec3 =  0.0000000000E+00  0.0000000000E+00  1.0000000000E+00
           DelSqRho = -4.3512463360E+05
           Bond Ellipticity = NA
           V = -1.0879126549E+05
           G =  5.0535437918E+00
           K =  1.0878621194E+05
           L =  1.0878115840E+05
           Vnuc =  3.8511871898E+06
           Ven = -4.5330686089E+08
           Vrep =  4.5319806963E+08
           DelSqV =  2.4958984347E+09
           DelSqVen =  1.6757466071E+12
           DelSqVrep = -1.6732507087E+12
           DelSqG =  1.3406858007E+08
           DelSqK = -2.6299670148E+09
           Stress_EigVals = -3.6264026654E+04 -3.6263867490E+04 -3.6263371345E+04
           Stress_EigVec1 =  0.0000000000E+00  0.0000000000E+00  1.0000000000E+00
           Stress_EigVec2 =  0.0000000000E+00  1.0000000000E+00  0.0000000000E+00
           Stress_EigVec3 =  1.0000000000E+00  0.0000000000E+00  0.0000000000E+00
           -DivStress =  0.0000000000E+00  1.2554881949E-13 -1.2649106669E+03
           ESP =  -1.4745191266E+01     ESP at Nucleus =  -1.4745191285E+01
           ESPe = -1.8606799288E+01     ESPe at Nucleus = -1.8606800573E+01
           ESPn =  3.8616080221E+00     ESPn at Nucleus =  3.8616092876E+00

CP# 2      Coords =  0.00000000000000E+00 -2.90965590149442E-23 -1.25674587796271E+00
           Type = (3,-3) NACP C2
           Rho =  1.1770574593E+02     Rho at Nucleus =  1.1770574575E+02
           GradRho =  0.0000000000E+00  1.0759062681E-17 -8.4034468273E-10
           HessRho_EigVals = -1.4504231772E+05 -1.4504127367E+05 -1.4504104222E+05
           HessRho_EigVec1 =  1.0000000000E+00  0.0000000000E+00  0.0000000000E+00
           HessRho_EigVec2 =  0.0000000000E+00  1.0000000000E+00  0.0000000000E+00
           HessRho_EigVec3 =  0.0000000000E+00  0.0000000000E+00  1.0000000000E+00
           DelSqRho = -4.3512463360E+05
           Bond Ellipticity = NA
           V = -1.0879126549E+05
           G =  5.0535437918E+00
           K =  1.0878621194E+05
           L =  1.0878115840E+05
           Vnuc =  3.8511871898E+06
           Ven = -4.5330686089E+08
           Vrep =  4.5319806963E+08
           DelSqV =  2.4958984347E+09
           DelSqVen =  1.6757466071E+12
           DelSqVrep = -1.6732507087E+12
           DelSqG =  1.3406858007E+08
           DelSqK = -2.6299670148E+09
           Stress_EigVals = -3.6264026654E+04 -3.6263867490E+04 -3.6263371345E+04
           Stress_EigVec1 =  0.0000000000E+00  0.0000000000E+00  1.0000000000E+00
           Stress_EigVec2 =  0.0000000000E+00  1.0000000000E+00  0.0000000000E+00
           Stress_EigVec3 =  1.0000000000E+00  0.0000000000E+00  0.0000000000E+00
           -DivStress =  0.0000000000E+00  2.4291843611E-14  1.2649106669E+03
           ESP =  -1.4745191266E+01     ESP at Nucleus =  -1.4745191285E+01
           ESPe = -1.8606799288E+01     ESPe at Nucleus = -1.8606800573E+01
           ESPn =  3.8616080221E+00     ESPn at Nucleus =  3.8616092876E+00

CP# 3      Coords =  0.00000000000000E+00  1.71064669606964E+00  2.31809405507349E+00
           Type = (3,-3) NACP H3
           Rho =  4.2972485885E-01     Rho at Nucleus =  4.2485013987E-01
           GradRho =  0.0000000000E+00 -6.9388939039E-17  1.4120649094E-15
           HessRho_EigVals = -6.5276715365E+00 -6.5189438667E+00 -5.8750436993E+00
           HessRho_EigVec1 =  0.0000000000E+00 -5.2599452261E-01  8.5048795534E-01
           HessRho_EigVec2 =  1.0000000000E+00  0.0000000000E+00  0.0000000000E+00
           HessRho_EigVec3 =  0.0000000000E+00  8.5048795534E-01  5.2599452261E-01
           DelSqRho = -1.8921659102E+01
           Bond Ellipticity = NA
           V = -4.7465149943E+00
           G =  8.0501093267E-03
           K =  4.7384648849E+00
           L =  4.7304147756E+00
           Vnuc =  3.0140767073E+01
           Ven = -1.2952236876E+01
           Vrep =  8.2057218820E+00
           DelSqV =  7.0747814064E+02
           DelSqVen =  5.7031331965E+02
           DelSqVrep =  1.3716482099E+02
           DelSqG =  6.9828785391E+01
           DelSqK = -7.7730692603E+02
           Stress_EigVals = -1.6375929659E+00 -1.6372554182E+00 -1.4716666101E+00
           Stress_EigVec1 =  0.0000000000E+00 -5.2724352991E-01  8.4971422265E-01
           Stress_EigVec2 =  1.0000000000E+00  0.0000000000E+00  0.0000000000E+00
           Stress_EigVec3 =  0.0000000000E+00  8.4971422265E-01  5.2724352991E-01
           -DivStress =  0.0000000000E+00  7.6492294298E+00  4.7312569323E+00
           ESP =  -1.1148364238E+00     ESP at Nucleus =  -1.1168645724E+00
           ESPe = -6.2857785032E+00     ESPe at Nucleus = -6.2120051215E+00
           ESPn =  5.1709420793E+00     ESPn at Nucleus =  5.0951405491E+00

CP# 4      Coords =  0.00000000000000E+00  1.71064669606964E+00 -2.31809405507349E+00
           Type = (3,-3) NACP H4
           Rho =  4.2972485885E-01     Rho at Nucleus =  4.2485013987E-01
           GradRho =  0.0000000000E+00 -9.7144514655E-17 -1.4363510381E-15
           HessRho_EigVals = -6.5276715365E+00 -6.5189438667E+00 -5.8750436993E+00
           HessRho_EigVec1 =  0.0000000000E+00  5.2599452261E-01  8.5048795534E-01
           HessRho_EigVec2 =  1.0000000000E+00  0.0000000000E+00  0.0000000000E+00
           HessRho_EigVec3 =  0.0000000000E+00  8.5048795534E-01 -5.2599452261E-01
           DelSqRho = -1.8921659102E+01
           Bond Ellipticity = NA
           V = -4.7465149943E+00
           G =  8.0501093267E-03
           K =  4.7384648849E+00
           L =  4.7304147756E+00
           Vnuc =  3.0140767073E+01
           Ven = -1.2952236876E+01
           Vrep =  8.2057218820E+00
           DelSqV =  7.0747814064E+02
           DelSqVen =  5.7031331965E+02
           DelSqVrep =  1.3716482099E+02
           DelSqG =  6.9828785391E+01
           DelSqK = -7.7730692603E+02
           Stress_EigVals = -1.6375929659E+00 -1.6372554182E+00 -1.4716666101E+00
           Stress_EigVec1 =  0.0000000000E+00  5.2724352991E-01  8.4971422265E-01
           Stress_EigVec2 =  1.0000000000E+00  0.0000000000E+00  0.0000000000E+00
           Stress_EigVec3 =  0.0000000000E+00  8.4971422265E-01 -5.2724352991E-01
           -DivStress =  0.0000000000E+00  7.6492294298E+00 -4.7312569323E+00
           ESP =  -1.1148364238E+00     ESP at Nucleus =  -1.1168645724E+00
           ESPe = -6.2857785032E+00     ESPe at Nucleus = -6.2120051215E+00
           ESPn =  5.1709420793E+00     ESPn at Nucleus =  5.0951405491E+00

CP# 5      Coords =  0.00000000000000E+00 -1.71064669606964E+00 -2.31809405507349E+00
           Type = (3,-3) NACP H5
           Rho =  4.2972485885E-01     Rho at Nucleus =  4.2485013987E-01
           GradRho =  0.0000000000E+00  6.9388939039E-17 -1.4294121442E-15
           HessRho_EigVals = -6.5276715365E+00 -6.5189438667E+00 -5.8750436993E+00
           HessRho_EigVec1 =  0.0000000000E+00 -5.2599452261E-01  8.5048795534E-01
           HessRho_EigVec2 =  1.0000000000E+00  0.0000000000E+00  0.0000000000E+00
           HessRho_EigVec3 =  0.0000000000E+00  8.5048795534E-01  5.2599452261E-01
           DelSqRho = -1.8921659102E+01
           Bond Ellipticity = NA
           V = -4.7465149943E+00
           G =  8.0501093267E-03
           K =  4.7384648849E+00
           L =  4.7304147756E+00
           Vnuc =  3.0140767073E+01
           Ven = -1.2952236876E+01
           Vrep =  8.2057218820E+00
           DelSqV =  7.0747814064E+02
           DelSqVen =  5.7031331965E+02
           DelSqVrep =  1.3716482099E+02
           DelSqG =  6.9828785391E+01
           DelSqK = -7.7730692603E+02
           Stress_EigVals = -1.6375929659E+00 -1.6372554182E+00 -1.4716666101E+00
           Stress_EigVec1 =  0.0000000000E+00 -5.2724352991E-01  8.4971422265E-01
           Stress_EigVec2 =  1.0000000000E+00  0.0000000000E+00  0.0000000000E+00
           Stress_EigVec3 =  0.0000000000E+00  8.4971422265E-01  5.2724352991E-01
           -DivStress =  0.0000000000E+00 -7.6492294298E+00 -4.7312569323E+00
           ESP =  -1.1148364238E+00     ESP at Nucleus =  -1.1168645724E+00
           ESPe = -6.2857785032E+00     ESPe at Nucleus = -6.2120051215E+00
           ESPn =  5.1709420793E+00     ESPn at Nucleus =  5.0951405491E+00

CP# 6      Coords =  0.00000000000000E+00 -1.71064669606964E+00  2.31809405507349E+00
           Type = (3,-3) NACP H6
           Rho =  4.2972485885E-01     Rho at Nucleus =  4.2485013987E-01
           GradRho =  0.0000000000E+00  7.6327832943E-17  1.4224732503E-15
           HessRho_EigVals = -6.5276715365E+00 -6.5189438667E+00 -5.8750436993E+00
           HessRho_EigVec1 =  0.0000000000E+00  5.2599452261E-01  8.5048795534E-01
           HessRho_EigVec2 =  1.0000000000E+00  0.0000000000E+00  0.0000000000E+00
           HessRho_EigVec3 =  0.0000000000E+00  8.5048795534E-01 -5.2599452261E-01
           DelSqRho = -1.8921659102E+01
           Bond Ellipticity = NA
           V = -4.7465149943E+00
           G =  8.0501093267E-03
           K =  4.7384648849E+00
           L =  4.7304147756E+00
           Vnuc =  3.0140767073E+01
           Ven = -1.2952236876E+01
           Vrep =  8.2057218820E+00
           DelSqV =  7.0747814064E+02
           DelSqVen =  5.7031331965E+02
           DelSqVrep =  1.3716482099E+02
           DelSqG =  6.9828785391E+01
           DelSqK = -7.7730692603E+02
           Stress_EigVals = -1.6375929659E+00 -1.6372554182E+00 -1.4716666101E+00
           Stress_EigVec1 =  0.0000000000E+00  5.2724352991E-01  8.4971422265E-01
           Stress_EigVec2 =  1.0000000000E+00  0.0000000000E+00  0.0000000000E+00
           Stress_EigVec3 =  0.0000000000E+00  8.4971422265E-01 -5.2724352991E-01
           -DivStress =  0.0000000000E+00 -7.6492294298E+00  4.7312569323E+00
           ESP =  -1.1148364238E+00     ESP at Nucleus =  -1.1168645724E+00
           ESPe = -6.2857785032E+00     ESPe at Nucleus = -6.2120051215E+00
           ESPn =  5.1709420793E+00     ESPn at Nucleus =  5.0951405491E+00

CP# 7      Coords =  0.00000000000000E+00  1.99239577146744E-20 -2.55314549754991E-17
           Type = (3,-1) BCP C1 C2
           Rho =  3.4747646093E-01
           GradRho =  0.0000000000E+00  1.4286247504E-20  6.8576002444E-18
           HessRho_EigVals = -7.5001875841E-01 -5.4023442795E-01  2.6859418121E-01
           HessRho_EigVec1 =  0.0000000000E+00  1.0000000000E+00  0.0000000000E+00
           HessRho_EigVec2 =  1.0000000000E+00  0.0000000000E+00  0.0000000000E+00
           HessRho_EigVec3 =  0.0000000000E+00  0.0000000000E+00  1.0000000000E+00
           DelSqRho = -1.0216590052E+00
           Bond Ellipticity =  3.8832092071E-01
           V = -5.3108015576E-01
           G =  1.3783270224E-01
           K =  3.9324745352E-01
           L =  2.5541475129E-01
           Vnuc =  1.0919209023E+01
           Ven = -3.7941681077E+00
           Vrep =  3.2630879519E+00
           DelSqV = -2.7611827972E+00
           DelSqVen =  1.1155708228E+01
           DelSqVrep = -1.3916891025E+01
           DelSqG =  1.5639166158E+00
           DelSqK =  1.1972661814E+00
           Stress_EigVals = -3.1430081902E-01 -2.7525147106E-01  5.8472134320E-02
           Stress_EigVec1 =  1.0000000000E+00  0.0000000000E+00  0.0000000000E+00
           Stress_EigVec2 =  0.0000000000E+00  1.0000000000E+00  0.0000000000E+00
           Stress_EigVec3 =  0.0000000000E+00  0.0000000000E+00  1.0000000000E+00
           -DivStress =  0.0000000000E+00 -2.1153181109E-19  4.8931989865E-17
           ESP =   9.8121204202E-01
           ESPe = -9.9379969814E+00
           ESPn =  1.0919209023E+01
           BPL =  2.5134917559E+00 =  1.2567458780E+00 +  1.2567458780E+00                
           GBL_I =  2.5134917559E+00                                                      
           GBL_II =  2.5134886400E+00                                                     
           GBL_III =  2.5134917559E+00 =  1.2567458780E+00 +  1.2567458780E+00            
           GBL_IV =  2.5134886400E+00 =  1.2567443200E+00 +  1.2567443200E+00             

CP# 8      Coords =  0.00000000000000E+00  1.09063946672374E+00  1.93595351419399E+00
           Type = (3,-1) BCP H3 C1
           Rho =  2.8278174569E-01
           GradRho =  0.0000000000E+00 -4.9960036108E-16  3.0531133177E-16
           HessRho_EigVals = -7.4551517083E-01 -7.3363389845E-01  4.6834974988E-01
           HessRho_EigVec1 =  0.0000000000E+00 -5.2358888485E-01  8.5197105564E-01
           HessRho_EigVec2 =  1.0000000000E+00  0.0000000000E+00  0.0000000000E+00
           HessRho_EigVec3 =  0.0000000000E+00  8.5197105564E-01  5.2358888485E-01
           DelSqRho = -1.0107993194E+00
           Bond Ellipticity =  1.6195097318E-02
           V = -3.3689769157E-01
           G =  4.2098930863E-02
           K =  2.9479876071E-01
           L =  2.5269982985E-01
           Vnuc =  8.5250271242E+00
           Ven = -2.4107220523E+00
           Vrep =  2.0738243607E+00
           DelSqV = -2.9414143012E+00
           DelSqVen =  8.6170916149E+00
           DelSqVrep = -1.1558505916E+01
           DelSqG =  1.7860714821E+00
           DelSqK =  1.1553428191E+00
           Stress_EigVals = -2.2492675580E-01 -2.2285986679E-01  1.1088893102E-01
           Stress_EigVec1 =  0.0000000000E+00 -5.2695967611E-01  8.4989028689E-01
           Stress_EigVec2 =  1.0000000000E+00  0.0000000000E+00  0.0000000000E+00
           Stress_EigVec3 =  0.0000000000E+00  8.4989028689E-01  5.2695967611E-01
           -DivStress =  0.0000000000E+00  5.2411070220E-02  3.0775555902E-02
           ESP =   8.3476140279E-01
           ESPe = -7.6902657214E+00
           ESPn =  8.5250271242E+00
           BPL =  2.0131966484E+00 =  7.2831350912E-01 +  1.2848831393E+00                
           GBL_I =  2.0131497887E+00                                                      
           GBL_II =  2.0531988941E+00                                                     
           GBL_III =  2.0131547790E+00 =  7.2831336486E-01 +  1.2848414141E+00            
           GBL_IV =  2.0532039092E+00 =  7.6836167145E-01 +  1.2848422377E+00             

CP# 9      Coords =  0.00000000000000E+00  1.09063946672374E+00 -1.93595351419399E+00
           Type = (3,-1) BCP H4 C2
           Rho =  2.8278174569E-01
           GradRho =  0.0000000000E+00 -4.8572257327E-16 -2.7755575616E-16
           HessRho_EigVals = -7.4551517083E-01 -7.3363389845E-01  4.6834974988E-01
           HessRho_EigVec1 =  0.0000000000E+00  5.2358888485E-01  8.5197105564E-01
           HessRho_EigVec2 =  1.0000000000E+00  0.0000000000E+00  0.0000000000E+00
           HessRho_EigVec3 =  0.0000000000E+00  8.5197105564E-01 -5.2358888485E-01
           DelSqRho = -1.0107993194E+00
           Bond Ellipticity =  1.6195097318E-02
           V = -3.3689769157E-01
           G =  4.2098930863E-02
           K =  2.9479876071E-01
           L =  2.5269982985E-01
           Vnuc =  8.5250271242E+00
           Ven = -2.4107220523E+00
           Vrep =  2.0738243607E+00
           DelSqV = -2.9414143012E+00
           DelSqVen =  8.6170916149E+00
           DelSqVrep = -1.1558505916E+01
           DelSqG =  1.7860714821E+00
           DelSqK =  1.1553428191E+00
           Stress_EigVals = -2.2492675580E-01 -2.2285986679E-01  1.1088893102E-01
           Stress_EigVec1 =  0.0000000000E+00  5.2695967611E-01  8.4989028689E-01
           Stress_EigVec2 =  1.0000000000E+00  0.0000000000E+00  0.0000000000E+00
           Stress_EigVec3 =  0.0000000000E+00  8.4989028689E-01 -5.2695967611E-01
           -DivStress =  0.0000000000E+00  5.2411070220E-02 -3.0775555902E-02
           ESP =   8.3476140279E-01
           ESPe = -7.6902657214E+00
           ESPn =  8.5250271242E+00
           BPL =  2.0131966484E+00 =  7.2831350912E-01 +  1.2848831393E+00                
           GBL_I =  2.0131497887E+00                                                      
           GBL_II =  2.0531988941E+00                                                     
           GBL_III =  2.0131547790E+00 =  7.2831336486E-01 +  1.2848414141E+00            
           GBL_IV =  2.0532039092E+00 =  7.6836167145E-01 +  1.2848422377E+00             

CP# 10     Coords =  0.00000000000000E+00 -1.09063946672374E+00 -1.93595351419399E+00
           Type = (3,-1) BCP C2 H5
           Rho =  2.8278174569E-01
           GradRho =  0.0000000000E+00  5.0653925499E-16 -2.9143354396E-16
           HessRho_EigVals = -7.4551517083E-01 -7.3363389845E-01  4.6834974988E-01
           HessRho_EigVec1 =  0.0000000000E+00 -5.2358888485E-01  8.5197105564E-01
           HessRho_EigVec2 =  1.0000000000E+00  0.0000000000E+00  0.0000000000E+00
           HessRho_EigVec3 =  0.0000000000E+00  8.5197105564E-01  5.2358888485E-01
           DelSqRho = -1.0107993194E+00
           Bond Ellipticity =  1.6195097318E-02
           V = -3.3689769157E-01
           G =  4.2098930863E-02
           K =  2.9479876071E-01
           L =  2.5269982985E-01
           Vnuc =  8.5250271242E+00
           Ven = -2.4107220523E+00
           Vrep =  2.0738243607E+00
           DelSqV = -2.9414143012E+00
           DelSqVen =  8.6170916149E+00
           DelSqVrep = -1.1558505916E+01
           DelSqG =  1.7860714821E+00
           DelSqK =  1.1553428191E+00
           Stress_EigVals = -2.2492675580E-01 -2.2285986679E-01  1.1088893102E-01
           Stress_EigVec1 =  0.0000000000E+00 -5.2695967611E-01  8.4989028689E-01
           Stress_EigVec2 =  1.0000000000E+00  0.0000000000E+00  0.0000000000E+00
           Stress_EigVec3 =  0.0000000000E+00  8.4989028689E-01  5.2695967611E-01
           -DivStress =  0.0000000000E+00 -5.2411070220E-02 -3.0775555902E-02
           ESP =   8.3476140279E-01
           ESPe = -7.6902657214E+00
           ESPn =  8.5250271242E+00
           BPL =  2.0131966484E+00 =  1.2848831393E+00 +  7.2831350912E-01                
           GBL_I =  2.0131497887E+00                                                      
           GBL_II =  2.0531988941E+00                                                     
           GBL_III =  2.0131547790E+00 =  1.2848414141E+00 +  7.2831336486E-01            
           GBL_IV =  2.0532039092E+00 =  1.2848422377E+00 +  7.6836167145E-01             

CP# 11     Coords =  0.00000000000000E+00 -1.09063946672374E+00  1.93595351419399E+00
           Type = (3,-1) BCP C1 H6
           Rho =  2.8278174569E-01
           GradRho =  0.0000000000E+00  5.1347814889E-16  4.5796699766E-16
           HessRho_EigVals = -7.4551517083E-01 -7.3363389845E-01  4.6834974988E-01
           HessRho_EigVec1 =  0.0000000000E+00  5.2358888485E-01  8.5197105564E-01
           HessRho_EigVec2 =  1.0000000000E+00  0.0000000000E+00  0.0000000000E+00
           HessRho_EigVec3 =  0.0000000000E+00  8.5197105564E-01 -5.2358888485E-01
           DelSqRho = -1.0107993194E+00
           Bond Ellipticity =  1.6195097318E-02
           V = -3.3689769157E-01
           G =  4.2098930863E-02
           K =  2.9479876071E-01
           L =  2.5269982985E-01
           Vnuc =  8.5250271242E+00
           Ven = -2.4107220523E+00
           Vrep =  2.0738243607E+00
           DelSqV = -2.9414143012E+00
           DelSqVen =  8.6170916149E+00
           DelSqVrep = -1.1558505916E+01
           DelSqG =  1.7860714821E+00
           DelSqK =  1.1553428191E+00
           Stress_EigVals = -2.2492675580E-01 -2.2285986679E-01  1.1088893102E-01
           Stress_EigVec1 =  0.0000000000E+00  5.2695967611E-01  8.4989028689E-01
           Stress_EigVec2 =  1.0000000000E+00  0.0000000000E+00  0.0000000000E+00
           Stress_EigVec3 =  0.0000000000E+00  8.4989028689E-01 -5.2695967611E-01
           -DivStress =  0.0000000000E+00 -5.2411070220E-02  3.0775555902E-02
           ESP =   8.3476140279E-01
           ESPe = -7.6902657214E+00
           ESPn =  8.5250271242E+00
           BPL =  2.0131966484E+00 =  1.2848831393E+00 +  7.2831350912E-01                
           GBL_I =  2.0131497887E+00                                                      
           GBL_II =  2.0531988941E+00                                                     
           GBL_III =  2.0131547790E+00 =  1.2848414141E+00 +  7.2831336486E-01            
           GBL_IV =  2.0532039092E+00 =  1.2848422377E+00 +  7.6836167145E-01             

Number of NACPs  =      6
Number of NNACPs =      0
Number of BCPs   =      5
Number of RCPs   =      0
Number of CCPs   =      0
NumNACP + NumNNACP - NumBCP + NumRCP - NumCCP =      1
Poincare-Hopf Relationship is Satisfied

Bond Path Angles and Corresponding Geometric Bond Angles:
--------------------------------------------------------
  BPA     = A-B-C Bond Path Angle
  GBA_I   = A-B-C Geometric Bond Angle in Terms of Nuclear Attractors
  GBA_II  = A-B-C Geometric Bond Angle in Terms of Nuclei
  GBA_III = A-B-C Geometric Bond Angle in Terms of A|B and C|B BCPs and Nuclear Attractor B
  GBA_IV  = A-B-C Geometric Bond Angle in Terms of A|B and C|B BCPs and Nucleus B
-------------------------------------------------------------------------------------------------
Atom A    Atom B    Atom C        BPA          GBA_I         GBA_II       GBA_III       GBA_IV
-------------------------------------------------------------------------------------------------
H3        C1        C2        122.50826297  121.81698737  121.81516489  121.91303694  121.91309591
H4        C2        C1        122.50826297  121.81698737  121.81516489  121.91303694  121.91309591
H5        C2        C1        122.50826297  121.81698737  121.81516489  121.91303694  121.91309591
H5        C2        H4        114.98347406  116.36602525  116.36967023  116.17392612  116.17380817
H6        C1        C2        122.50826297  121.81698737  121.81516489  121.91303694  121.91309591
H6        C1        H3        114.98347406  116.36602525  116.36967023  116.17392612  116.17380817

Total time for electron density critical point search, analysis and connectivity = 1 sec (NProc = 1)               
 
Virial-Based Atomic Energy Components:
-------------------------------------
  Ee(A) = E(A) - W(A) = -T(A)
        = Contribution of Atom A to Electronic Energy of Molecule.
          Not additive to give molecular Ee unless molecular electronic virial theorem is satisfied.
  T(A) = Electronic Kinetic Energy of Atom A (Hamiltonian Form)
  Ven(A) = Ven(A,Mol) = VenT(A)
         = Attraction Energy Between Electron Density Distribution of Atom A and Nuclei of Molecule
  VenO(A) = Ven(A,A)
          = Attraction Energy Between Electron Density Distribution of Atom A and Nucleus of Atom A
  Vee(A) = Vee(A,A) + Vee(A,A')/2
         = Two-Electron Interaction Energy of Atom A with Itself Plus Half of Two-Electron Interaction Energy
           Between Atom A and Other Atoms of Molecule
  Vnn(A) - W(A) = Contribution of Atom A to the Nuclear Repulsion Energy of Molecule Minus
                  the Nuclear Virial of Energy-Gradient-Based Forces on Nuclei of Molecule.
                  Calculation of Vnn(A) - W(A) assumes satisfaction of the atomic virial theorem:
                       2T(A) + Ven(A) + Vee(A) + Vnn(A) - W(A) = 0
See "2EDM Note" and "DFT Note".
--------------------------------------------------------------------------------------------------------------------
Atom A         Ee(A)              T(A)             Ven(A)           VenO(A)            Vee(A)        Vnn(A) - W(A)
--------------------------------------------------------------------------------------------------------------------
C1       -3.7648185664E+01  3.7648185664E+01 -1.1196534892E+02 -8.9548375298E+01
C2       -3.7648156838E+01  3.7648156838E+01 -1.1196582304E+02 -8.9548560783E+01
H3       -6.2137277486E-01  6.2137277486E-01 -6.0496310750E+00 -1.2840721451E+00
H4       -6.2137222952E-01  6.2137222952E-01 -6.0496567240E+00 -1.2840752745E+00
H5       -6.2137299289E-01  6.2137299289E-01 -6.0496258842E+00 -1.2840713952E+00
H6       -6.2137292366E-01  6.2137292366E-01 -6.0496416571E+00 -1.2840735278E+00
--------------------------------------------------------------------------------------------------------------------
Total    -7.7781833423E+01  7.7781833423E+01 -2.4812972730E+02 -1.8423322842E+02
 
More Virial-Based Atomic Energy Components:
------------------------------------------
  E(A) = Ee(A) + W(A)
       = T(A) + Ven(A) + Vee(A) + Vnn(A) = Contribution of Atom A to Total Energy E of Molecule
         Not additive to give molecular E unless molecular virial theorem is satisfied.
  Ee(A) = E(A) - W(A) = Contribution of Atom A to Electronic Energy of Molecule
          Not additive to give molecular Ee unless molecular virial theorem is satisfied.
  W(A) = Contribution of Atom A to Nuclear Virial of Energy-Gradient-Based Forces on Nuclei of Molecule
  Vnn(A) = Contribution of Atom A to Nuclear Repulsion Energy of Molecule
           Calculation of Vnn(A) assumes satisfaction of the atomic virial theorem:
                2T(A) + Ven(A) + Vee(A) + Vnn(A) - W(A) = 0
  VeeC(A) = Coulomb Part of Vee(A)
  VeeX(A) = Exchange-Correlation Part of Vee(A)
See "2EDM Note" and "DFT Note".
--------------------------------------------------------------------------------------------------------------------
Atom A          E(A)             Ee(A)              W(A)             Vnn(A)           VeeC(A)           VeeX(A)
--------------------------------------------------------------------------------------------------------------------
C1                         -3.7648185664E+01
C2                         -3.7648156838E+01
H3                         -6.2137277486E-01
H4                         -6.2137222952E-01
H5                         -6.2137299289E-01
H6                         -6.2137292366E-01
--------------------------------------------------------------------------------------------------------------------
Total                      -7.7781833423E+01
 
IQA Atomic Energy Components:
----------------------------
  E_IQA(A) = Contribution of Atom A to Total Energy E of Molecule, Using IQA Additive Atomic Energy Definition
           = T(A) + Vne(A,Mol)/2 + Ven(A,Mol)/2 + Vee(A) + Vnn(A,Mol)/2
  T(A) = Electronic Kinetic Energy of Atom A (Hamiltonian Form)
  Vne(A,Mol)/2 = Half of Attraction Energy Between Nucleus of Atom A and Electron Density Distribution of Molecule
  Ven(A,Mol)/2 = Half of Attraction Energy Between Electron Density Distribution of Atom A and Nuclei of Molecule
  Vee(A) = Vee(A,A) + Vee(A,A')/2
         = Two-Electron Interaction Energy of Atom A with Itself Plus Half of Two-Electron Interaction Energy
           Between Atom A and Other Atoms of Molecule
  Vnn(A,Mol)/2 = Vnn(A,A')/2 = Half of Repulsion Energy Between Nucleus of Atom A and Other Nuclei of Molecule
  VeeC(A) = Coulomb Part of Vee(A)
  VeeX(A) = Exchange-Correlation Part of Vee(A)
See "2EDM Note" and "DFT Note".
--------------------------------------------------------------------------------------------------------------------------------------------------------
Atom A        E_IQA(A)            T(A)          Vne(A,Mol)/2      Ven(A,Mol)/2         Vee(A)         Vnn(A,Mol)/2        VeeC(A)           VeeX(A)
--------------------------------------------------------------------------------------------------------------------------------------------------------
C1                          3.7648185664E+01 -5.5820401718E+01 -5.5982674462E+01                    1.1584827863E+01
C2                          3.7648156838E+01 -5.5820401718E+01 -5.5982911522E+01                    1.1584827863E+01
H3                          6.2137277486E-01 -3.1060025608E+00 -3.0248155375E+00                    2.5475702745E+00
H4                          6.2137222952E-01 -3.1060025608E+00 -3.0248283620E+00                    2.5475702745E+00
H5                          6.2137299289E-01 -3.1060025608E+00 -3.0248129421E+00                    2.5475702745E+00
H6                          6.2137292366E-01 -3.1060025608E+00 -3.0248208286E+00                    2.5475702745E+00
--------------------------------------------------------------------------------------------------------------------------------------------------------
Total                       7.7781833423E+01 -1.2406481368E+02 -1.2406486365E+02                    3.3359936824E+01
 
More IQA Atomic Energy Components:
---------------------------------
  Vneen(A) = Vne(A,Mol)/2 + Ven(A,Mol)/2
  V_IQA(A) = Vne(A,Mol)/2 + Ven(A,Mol)/2 + Vee(A,A) + Vee(A,A')/2 + Vnn(A,A')/2
           = VC_IQA(A) + VX_IQA(A) = Potential Energy Contribution to E_IQA(A)
           = E_IQA(A) - T(A)
  VC_IQA(A) = Vne(A,Mol)/2 + Ven(A,Mol)/2 + VeeC(A,A) + VeeC(A,A')/2 + Vnn(A,A')/2
            = Coulomb Potential Energy Contribution to E_IQA(A)
            = E_IQA(A) - T(A) - VeeX(A)
  VX_IQA(A) = VeeX(A,A) + VeeX(A,A')/2
            = Exchange-Correlation Energy Contribution to E_IQA(A)
            = E_IQA(A) - T(A) - VC_IQA(A)
See "2EDM Note" and "DFT Note".
--------------------------------------------------------------------------------
Atom A        Vneen(A)          V_IQA(A)         VC_IQA(A)         VX_IQA(A)
--------------------------------------------------------------------------------
C1       -1.1180307618E+02
C2       -1.1180331324E+02
H3       -6.1308180983E+00
H4       -6.1308309228E+00
H5       -6.1308155029E+00
H6       -6.1308233894E+00
--------------------------------------------------------------------------------
Total    -2.4812967733E+02
 
IQA Intraatomic ("Self") Energy Components:
------------------------------------------
  E_IQA_Intra(A) = T(A) + Vne(A,A) + Vee(A,A)
                 = Intraatomic ("Self") Contribution to E_IQA(A)
  T(A) = Electronic Kinetic Energy of Atom A (Hamiltonian Form)
  Vne(A,A) = Attraction Energy Between Electron Density Distribution of Atom A and Nucleus of Atom A
  Vee(A,A) = Two-electron Interaction Energy of Atom A With Itself
  VeeC(A,A) = Coulomb Part of Vee(A,A)
  VeeX(A,A) = Exchange-Correlation Part of Vee(A,A)
See "2EDM Note" and "DFT Note".
